getClassProbabilities 106
------
length=20
arg[0]=0.00346535
arg[1]=0.00177025
arg[2]=0.00150734
arg[3]=0.00252719
arg[4]=0.00734245
arg[5]=0.0254207
arg[6]=0.073137
arg[7]=0.148585
arg[8]=0.214483
arg[9]=0.233169
arg[10]=0.197651
arg[11]=0.131045
arg[12]=0.0684891
arg[13]=0.0299301
arg[14]=0.0124143
arg[15]=0.00577474
arg[16]=0.0035485
arg[17]=0.00326704
arg[18]=0.00470472
arg[19]=0.00962508

getLowerBound(beta) 107
------
length=20
arg[0]=1.08935e-05
arg[1]=7.9205e-06
arg[2]=1.44788e-05
arg[3]=7.09723e-05
arg[4]=0.000636457
arg[5]=0.00552991
arg[6]=0.0289118
arg[7]=0.0804835
arg[8]=0.132908
arg[9]=0.148855
arg[10]=0.119949
arg[11]=0.0688399
arg[12]=0.02766
arg[13]=0.00821737
arg[14]=0.00211336
arg[15]=0.000582892
arg[16]=0.00020934
arg[17]=0.000112012
arg[18]=9.638e-05
arg[19]=0.000132863

getUpperBound(beta) 108
------
length=20
arg[0]=0.124134
arg[1]=0.0647312
arg[2]=0.0399762
arg[3]=0.0357459
arg[4]=0.0486487
arg[5]=0.0861536
arg[6]=0.156582
arg[7]=0.247236
arg[8]=0.319471
arg[9]=0.338873
arg[10]=0.299846
arg[11]=0.224094
arg[12]=0.145045
arg[13]=0.0862005
arg[14]=0.051827
arg[15]=0.0356067
arg[16]=0.0316915
arg[17]=0.0401332
arg[18]=0.0714201
arg[19]=0.150406

